150
0.0015006065368652344
300
0.0035004615783691406
450
0.006001710891723633
600
0.008006572723388672
750
0.01051020622253418
900
0.014505863189697266
1050
0.016010284423828125
1200
0.018011808395385742
1350
0.021013975143432617
1500
0.023515701293945312
1650
0.0380253791809082
1800
0.02906513214111328
1950
0.03152346611022949
2100
0.03455400466918945
2250
0.03752493858337402
2400
0.0400240421295166
2550
0.043028831481933594
2700
0.04653143882751465
2850
0.051033735275268555
3000
0.051618337631225586
3150
0.05503678321838379
3300
0.05753803253173828
3450
0.060540199279785156
3600
0.06354284286499023
3750
0.06908965110778809
3900
0.06908893585205078
4050
0.07354927062988281
4200
0.07655143737792969
4350
0.08110570907592773
4500
0.08155393600463867
4650
0.08555459976196289
4800
0.09206151962280273
4950
0.09106087684631348
5100
0.09406304359436035
5250
0.0975654125213623
5400
0.1140737533569336
5550
0.11461210250854492
5700
0.1070716381072998
5850
0.1095731258392334
6000
0.11329388618469238
6150
0.11758160591125488
6300
0.12508273124694824
6450
0.1256697177886963
6600
0.12808585166931152
6750
0.12972784042358398
6900
0.1335890293121338
7050
0.13859272003173828
7200
0.14609742164611816
7350
0.14359569549560547
7500
0.14559721946716309
