150
0.006002187728881836
300
0.02451610565185547
450
0.056539058685302734
600
0.10306715965270996
750
0.1616053581237793
900
0.23015165328979492
1050
0.32221555709838867
1200
0.4152803421020508
1350
0.542863130569458
1500
0.6644442081451416
1650
0.791130542755127
1800
0.9856593608856201
1950
1.1268329620361328
2100
1.2873599529266357
2250
1.5143797397613525
2400
1.7033941745758057
2550
1.95697021484375
2700
2.1419320106506348
2850
2.3899378776550293
3000
2.7112579345703125
3150
2.984785795211792
3300
3.335035562515259
3450
3.635948896408081
3600
3.837961435317993
3750
4.208607912063599
3900
4.483039379119873
4050
4.8335771560668945
4200
5.361813545227051
4350
5.949841022491455
4500
6.096476316452026
4650
6.379456996917725
4800
6.821211338043213
4950
7.395811319351196
5100
7.728763103485107
5250
8.631978750228882
5400
8.766164302825928
5550
9.098536968231201
5700
9.613396644592285
5850
10.119128227233887
6000
10.744689464569092
6150
11.295544385910034
6300
11.979799509048462
6450
12.516895294189453
6600
12.931784391403198
6750
13.790244102478027
6900
15.03700304031372
7050
14.739887475967407
7200
15.757850885391235
7350
16.379575729370117
7500
16.687835454940796
