150
0.0015006065368652344
300
0.00400233268737793
450
0.00650477409362793
600
0.009005308151245117
750
0.011507749557495117
900
0.014508485794067383
1050
0.016510963439941406
1200
0.02051377296447754
1350
0.023015260696411133
1500
0.026017189025878906
1650
0.0285189151763916
1800
0.03152060508728027
1950
0.03502345085144043
2100
0.037525177001953125
2250
0.04052734375
2400
0.04452967643737793
2550
0.04653120040893555
2700
0.0500335693359375
2850
0.05303549766540527
3000
0.056537628173828125
3150
0.06054067611694336
3300
0.06454324722290039
3450
0.06854557991027832
3600
0.06954574584960938
3750
0.07404947280883789
3900
0.0760507583618164
4050
0.08115816116333008
4200
0.08305549621582031
4350
0.08505630493164062
4500
0.09406352043151855
4650
0.09206151962280273
4800
0.09556293487548828
4950
0.09856629371643066
5100
0.1025686264038086
5250
0.10807228088378906
5400
0.1095731258392334
5550
0.11257600784301758
5700
0.12008047103881836
5850
0.1191260814666748
6000
0.12458300590515137
6150
0.1265854835510254
6300
0.13058686256408691
6450
0.133589506149292
6600
0.14109420776367188
6750
0.14009356498718262
6900
0.14359569549560547
7050
0.1500999927520752
7200
0.15060114860534668
7350
0.15410351753234863
7500
0.15810561180114746
