1600
1.265
3200
2.391
4800
2.976
6400
4.638
8000
4.642
9600
4.644
11200
9.16
12800
9.181
14400
9.164
16000
9.156
17600
9.645
19200
9.159
20800
18.411
22400
18.917
24000
18.557
25600
18.34
27200
18.551
28800
18.842
30400
19.078
32000
22.848
33600
20.629
35200
19.406
36800
18.502
38400
18.449
40000
36.8
41600
36.943
43200
37.281
44800
36.957
46400
37.773
48000
38.291
49600
37.011
51200
37.154
52800
37.966
54400
36.562
56000
38.441
57600
36.769
59200
37.97
60800
37.628
62400
38.211
64000
37.229
65600
37.787
67200
37.566
68800
36.825
70400
36.796
72000
38.352
73600
37.08
75200
37.216
76800
37.973
78400
37.068
80000
75.211
81600
74.613
83200
74.469
84800
73.77
86400
73.563
88000
75.803
89600
73.833
91200
74.094
92800
73.755
94400
74.191
96000
74.69
97600
74.375
99200
74.259
100800
73.746
102400
74.195
104000
73.727
105600
73.082
107200
73.322
108800
74.732
110400
73.151
112000
74.204
113600
73.577
115200
72.962
116800
73.037
118400
74.714
120000
73.202
121600
73.026
123200
73.102
124800
72.98
126400
72.863
128000
72.922
129600
73.001
131200
73.279
132800
73.273
134400
73.069
136000
73.073
137600
73.093
139200
72.98
140800
73.292
142400
73.026
144000
72.922
145600
72.864
147200
73.819
148800
72.886
150400
73.12
152000
73.137
153600
73.192
155200
73.082
156800
73.063
158400
73.007
160000
146.044
