1600
1.156
3200
2.332
4800
2.372
6400
4.573
8000
4.433
9600
4.532
11200
8.809
12800
9.053
14400
9.046
16000
9.356
17600
9.244
19200
8.819
20800
18.388
22400
18.175
24000
17.738
25600
17.984
27200
17.654
28800
17.672
30400
18.079
32000
17.955
33600
17.532
35200
17.336
36800
17.017
38400
17.064
40000
34.207
41600
34.035
43200
34.347
44800
34.27
46400
34.488
48000
34.301
49600
34.114
51200
34.156
52800
34.191
54400
34.066
56000
34.129
57600
34.051
59200
34.066
60800
34.02
62400
34.297
64000
34.206
65600
34.051
67200
34.066
68800
34.395
70400
34.081
72000
34.035
73600
34.317
75200
34.02
76800
34.194
78400
34.175
80000
68.399
81600
68.526
83200
68.306
84800
69.008
86400
68.415
88000
68.852
89600
68.461
91200
68.96
92800
68.554
94400
68.882
96000
68.29
97600
68.321
99200
68.681
100800
68.335
102400
68.18
104000
68.226
105600
70.569
107200
68.211
108800
68.101
110400
68.07
112000
68.039
113600
76.764
115200
70.715
116800
68.3
118400
68.344
120000
68.313
121600
68.376
123200
68.712
124800
69.112
126400
68.476
128000
68.97
129600
69.995
131200
72.623
132800
81.077
134400
80.37
136000
74.521
137600
68.473
139200
68.203
140800
68.344
142400
68.409
144000
68.171
145600
67.957
147200
68.548
148800
71.257
150400
68.143
152000
67.978
153600
68.009
155200
68.687
156800
68.084
158400
68.663
160000
105.306
