3200
0.019
6400
0.078
9600
0.172
12800
0.294
16000
0.489
19200
0.739
22400
0.98
25600
1.095
28800
1.418
32000
1.785
35200
2.302
38400
2.617
41600
2.975
44800
3.597
48000
4.113
51200
4.544
54400
5.161
57600
5.899
60800
6.48
64000
6.836
67200
8.029
70400
8.654
73600
9.377
76800
10.447
80000
10.559
83200
10.718
86400
11.417
89600
12.768
92800
13.434
96000
14.569
99200
16.044
102400
16.65
105600
17.277
108800
18.86
112000
19.87
115200
21.231
118400
24.397
121600
23.89
124800
23.861
128000
25.924
131200
29.205
134400
29.272
137600
29.382
140800
31.862
144000
31.835
147200
33.356
150400
35.171
153600
36.262
156800
37.997
160000
41.665
