3200
0.015
6400
0.063
9600
0.14
12800
0.235
16000
0.359
19200
0.531
22400
0.718
25600
0.953
28800
1.203
32000
1.469
35200
1.781
38400
2.093
41600
2.469
44800
2.921
48000
3.359
51200
3.828
54400
4.327
57600
4.827
60800
5.25
64000
5.843
67200
6.547
70400
7.235
73600
7.859
76800
8.483
80000
9.358
83200
10.264
86400
10.998
89600
11.889
92800
12.906
96000
14.28
99200
15.324
102400
15.736
105600
19.911
108800
19.346
112000
19.049
115200
20.01
118400
20.976
121600
22.03
124800
23.793
128000
25.35
131200
25.813
134400
27.05
137600
27.417
140800
29.62
144000
30.636
147200
36.138
150400
38.581
153600
41.036
156800
40.682
160000
39.938
