3200
0.015
6400
0.063
9600
0.141
12800
0.234
16000
0.375
19200
0.531
22400
0.719
25600
0.94
28800
1.203
32000
1.485
35200
1.86
38400
2.313
41600
2.86
44800
3.125
48000
3.884
51200
3.985
54400
4.578
57600
4.956
60800
5.481
64000
6.422
67200
7.219
70400
7.97
73600
8.647
76800
9.32
80000
9.843
83200
11.691
86400
12.656
89600
13.789
92800
15.666
96000
16.187
99200
17.595
102400
18.875
105600
19.709
108800
20.966
112000
22.167
115200
23.371
118400
24.839
121600
26.823
124800
27.832
128000
29.244
131200
30.779
134400
30.158
137600
30.307
140800
32.598
144000
36.759
147200
37.616
150400
39.611
153600
41.581
156800
42.469
160000
45.17
