1600
0.047
3200
0.031
4800
0.031
6400
0.031
8000
0.031
9600
0.031
11200
0.032
12800
0.031
14400
0.016
16000
0.016
17600
0.016
19200
0.031
20800
0.016
22400
0.015
24000
0.016
25600
0.016
27200
0.016
28800
0.016
30400
0.016
32000
0.031
33600
0.015
35200
0.032
36800
0.015
38400
0.016
40000
0
41600
0.016
43200
0.015
44800
0.016
46400
0.016
48000
0.015
49600
0.016
51200
0.016
52800
0.015
54400
0.016
56000
0.015
57600
0.016
59200
0
60800
0
62400
0
64000
0.015
65600
0.016
67200
0.016
68800
0.015
70400
0.016
72000
0.015
73600
0.016
75200
0.016
76800
0
78400
0
80000
0
81600
0.015
83200
0.016
84800
0
86400
0
88000
0.016
89600
0.016
91200
0.015
92800
0
94400
0
96000
0.016
97600
0
99200
0
100800
0.016
102400
0.015
104000
0
105600
0
107200
0.016
108800
0
110400
0
112000
0.016
113600
0.016
115200
0
116800
0.015
118400
0.016
120000
0
121600
0
123200
0.016
124800
0
126400
0
128000
0.015
129600
0.016
131200
0
132800
0.016
134400
0.015
136000
0
137600
0
139200
0.016
140800
0.015
142400
0
144000
0
145600
0.015
147200
0.016
148800
0
150400
0.016
152000
0.015
153600
0
155200
0
156800
0.016
158400
0
160000
0
