1 1
5.131628606310317e-06
2 1
2.3325584574137806e-06
3 2
4.665116914827561e-06
4 3
4.198605223344805e-06
5 5
5.131628606310317e-06
6 8
6.0646519892758294e-06
7 13
1.4928374127448196e-05
8 21
8.863722138172353e-06
9 34
9.330233829655122e-06
10 55
1.0729768904103377e-05
11 89
1.1196280595586147e-05
12 144
1.2129303978551659e-05
13 233
1.352883905299994e-05
14 377
1.4928374127448196e-05
15 610
1.632790920189645e-05
16 987
1.7260932584861935e-05
17 1597
1.8193955967827475e-05
18 2584
1.959349104227573e-05
19 4181
2.099302611672404e-05
20 6765
2.1926049499689578e-05
21 10946
2.3325584574137833e-05
22 17711
2.4258607957103318e-05
23 28657
2.5658143031551573e-05
24 46368
2.7057678105999773e-05
25 75025
2.799070148896542e-05
26 121393
2.939023656341362e-05
27 196418
3.078977163786182e-05
28 317811
3.172279502082747e-05
29 514229
8.957024476468917e-05
30 832040
5.3648844520516993e-05
31 1346269
4.4318610690861925e-05
32 2178309
3.638791193565495e-05
33 3524578
3.778744701010326e-05
34 5702887
3.87204703930688e-05
35 9227465
4.012000546751689e-05
36 14930352
4.1053028850482646e-05
37 24157817
4.245256392493074e-05
38 39088169
4.385209899937905e-05
39 63245986
4.5251634073827356e-05
40 102334155
4.618465745679268e-05
41 165580141
4.7584192531241205e-05
42 267914296
4.851721591420653e-05
43 433494437
5.0383262680137606e-05
44 701408733
5.1316286063103145e-05
45 1134903170
5.2715821137551454e-05
46 1836311903
5.411535621199976e-05
47 2971215073
5.5514891286447855e-05
48 4807526976
5.691442636089638e-05
49 7778742049
5.784744974386192e-05
50 12586269025
5.924698481831001e-05
51 20365011074
6.111303158424109e-05
52 32951280099
6.20460549672062e-05
53 53316291173
7.27758238713099e-05
54 86267571272
6.71776835735171e-05
55 139583862445
6.85772186479654e-05
56 225851433717
7.044326541389605e-05
57 365435296162
7.090977710537882e-05
58 591286729879
7.27758238713099e-05
59 956722026041
7.417535894575821e-05
60 1548008755920
7.557489402020608e-05
61 2504730781961
7.697442909465483e-05
62 4052739537881
7.837396416910314e-05
63 6557470319842
7.977349924355144e-05
64 10610209857723
8.117303431799975e-05
65 17167680177565
8.257256939244806e-05
66 27777890035288
8.397210446689637e-05
67 44945570212853
8.537163954134425e-05
68 72723460248141
8.677117461579256e-05
69 117669030460994
8.817070969024086e-05
70 190392490709135
8.957024476468917e-05
71 308061521170129
9.096977983913748e-05
72 498454011879264
9.236931491358536e-05
73 806515533049393
9.376884998803367e-05
74 1304969544928657
9.563489675396518e-05
75 2111485077978050
9.656792013692985e-05
76 3416454622906707
9.84339669028618e-05
77 5527939700884757
9.98335019773101e-05
78 8944394323791464
0.00010123303705175755
79 14472334024676221
0.00010263257212620672
80 23416728348467685
0.00010403210720065503
81 37889062373143906
0.00010543164227510247
82 61305790721611591
0.00010683117734955078
83 99194853094755497
0.00010823071242399909
84 160500643816367088
0.00010963024749844827
85 259695496911122585
0.00011102978257289658
86 420196140727489673
0.00011242931764734489
87 679891637638612258
0.00011989350471106833
88 1100087778366101931
0.00011149629426437848
89 1779979416004714189
0.00011336234103030956
90 2880067194370816120
0.00011476187610475787
91 4660046610375530309
0.00011616141117920618
92 7540113804746346429
0.00011756094625365449
93 12200160415121876738
0.00011849396963662003
94 19740274219868223167
0.0001203600164025511
95 31940434634990099905
0.00013902048406186102
96 51680708854858323072
0.00012269257485996495
97 83621143489848422977
0.00012455862162589603
98 135301852344706746049
0.00012549164500886157
99 218922995834555169026
0.00012689118008330988
100 354224848179261915075
0.00012875722684924096
