1 1
2.332558457412981e-06
2 1
4.6651169148537175e-07
3 2
1.3995350744491764e-06
4 3
1.8660467659276092e-06
5 5
2.332558457412981e-06
6 8
3.7320935318621573e-06
7 13
5.131628606311334e-06
8 21
7.930698755202747e-06
9 34
1.2595815670035648e-05
10 55
1.959349104228153e-05
11 89
3.1722795020831807e-05
12 144
5.0849774371621026e-05
13 233
8.257256939245283e-05
14 377
0.00013342234376407386
15 610
0.00021366235469910677
16 987
0.0003475512101546521
17 1597
0.0006321233419591329
18 2584
0.0011093648023459968
19 4181
0.0016388555721789239
20 6765
0.0026591166414517142
21 10946
0.004344623382778905
22 17711
0.006191076657667653
23 28657
0.009824269710935363
24 46368
0.015617878407459707
25 75025
0.024581434047609374
26 121393
0.041260160041500876
27 196418
0.0666146039618972
28 317811
0.10692774526968807
29 514229
0.1755600122972482
30 832040
0.28267296270845493
31 1346269
0.45319698129614683
32 2178309
0.7307831005206737
33 3524578
1.1711365484386087
34 5702887
1.984662495119121
35 9227465
3.0895282587124555
36 14930352
4.954287918886678
