1 1
2.332558457412981e-06
2 1
4.6651169148537175e-07
3 2
4.665116914825962e-06
4 3
1.866046765934548e-06
5 5
1.3995350744491764e-06
6 8
1.8660467659276092e-06
7 13
1.3995350744491764e-06
8 21
1.866046765934548e-06
9 34
1.8660467659276092e-06
10 55
2.332558457412981e-06
11 89
1.8660467659276092e-06
12 144
2.332558457412981e-06
13 233
2.332558457412981e-06
14 377
2.332558457412981e-06
15 610
2.799070148891414e-06
16 987
2.33255845741992e-06
17 1597
2.332558457412981e-06
18 2584
2.7990701488983527e-06
19 4181
2.7990701488983527e-06
20 6765
3.2655818403837245e-06
21 10946
3.2655818403767856e-06
22 17711
2.7990701488983527e-06
23 28657
3.2655818403767856e-06
24 46368
3.2655818403837245e-06
25 75025
3.7320935318621573e-06
26 121393
3.7320935318621573e-06
27 196418
3.7320935318621573e-06
28 317811
3.7320935318621573e-06
29 514229
3.7320935318621573e-06
30 832040
4.19860522334059e-06
31 1346269
4.19860522334059e-06
32 2178309
4.19860522334059e-06
33 3524578
4.665116914832901e-06
34 5702887
4.19860522334059e-06
35 9227465
4.665116914825962e-06
36 14930352
4.198605223347529e-06
37 24157817
5.131628606304395e-06
38 39088169
5.131628606311334e-06
39 63245986
5.131628606311334e-06
40 102334155
5.131628606311334e-06
41 165580141
5.131628606311334e-06
42 267914296
5.5981402977897665e-06
43 433494437
5.131628606311334e-06
44 701408733
6.064651989275138e-06
45 1134903170
6.064651989275138e-06
46 1836311903
6.064651989275138e-06
47 2971215073
6.064651989275138e-06
48 4807526976
6.064651989275138e-06
49 7778742049
6.064651989275138e-06
50 12586269025
6.53116368076051e-06
51 20365011074
6.53116368076051e-06
52 32951280099
6.997675372245882e-06
53 53316291173
6.997675372245882e-06
54 86267571272
6.997675372245882e-06
55 139583862445
6.997675372245882e-06
56 225851433717
6.997675372245882e-06
57 365435296162
6.997675372238943e-06
58 591286729879
7.464187063724315e-06
59 956722026041
7.464187063724315e-06
60 1548008755920
6.997675372245882e-06
61 2504730781961
6.997675372238943e-06
62 4052739537881
7.464187063724315e-06
63 6557470319842
7.930698755209686e-06
64 10610209857723
7.930698755209686e-06
65 17167680177565
8.39721044668812e-06
66 27777890035288
8.39721044668812e-06
67 44945570212853
8.397210446695058e-06
68 72723460248141
8.39721044668812e-06
69 117669030460994
8.39721044668812e-06
70 190392490709135
8.39721044668812e-06
71 308061521170129
8.863722138173491e-06
72 498454011879264
8.863722138173491e-06
73 806515533049393
8.863722138173491e-06
74 1304969544928657
9.330233829658863e-06
75 2111485077978050
8.863722138166552e-06
76 3416454622906707
9.330233829658863e-06
77 5527939700884757
9.330233829658863e-06
78 8944394323791464
9.330233829651924e-06
79 14472334024676221
1.0263257212615728e-05
80 23416728348467685
9.330233829658863e-06
81 37889062373143906
9.796745521137296e-06
82 61305790721611591
1.0263257212622667e-05
83 99194853094755497
1.0729768904108039e-05
84 160500643816367088
1.07297689041011e-05
85 259695496911122585
1.0263257212622667e-05
86 420196140727489673
1.0263257212622667e-05
87 679891637638612258
1.0263257212622667e-05
88 1100087778366101931
1.0263257212622667e-05
89 1779979416004714189
1.0729768904108039e-05
90 2880067194370816120
1.1662792287071844e-05
91 4660046610375530309
1.1196280595586472e-05
92 7540113804746346429
1.1662792287071844e-05
93 12200160415121876738
1.1196280595586472e-05
94 19740274219868223167
1.2129303978550277e-05
95 31940434634990099905
1.1662792287071844e-05
96 51680708854858323072
1.2129303978550277e-05
97 83621143489848422977
1.2595815670035648e-05
98 135301852344706746049
1.2129303978550277e-05
99 218922995834555169026
1.1662792287064905e-05
100 354224848179261915075
1.2129303978550277e-05
