1 1
0.0007748759195528587
2 1
5.598140297793236e-06
3 2
2.7990701488983527e-06
4 3
2.3325584574164504e-06
5 5
1.3995350744491764e-06
6 8
1.8660467659310787e-06
7 13
1.8660467659310787e-06
8 21
1.8660467659310787e-06
9 34
1.8660467659310787e-06
10 55
1.8660467659310787e-06
11 89
1.8660467659310787e-06
12 144
1.8660467659310787e-06
13 233
2.332558457412981e-06
14 377
1.8660467659310787e-06
15 610
1.8660467659310787e-06
16 987
1.8660467659310787e-06
17 1597
1.8660467659310787e-06
18 2584
1.8660467659310787e-06
19 4181
1.8660467659310787e-06
20 6765
1.8660467659310787e-06
21 10946
1.8660467659310787e-06
22 17711
2.332558457412981e-06
23 28657
1.8660467659310787e-06
24 46368
1.8660467659310787e-06
25 75025
1.8660467659310787e-06
26 121393
1.8660467659310787e-06
27 196418
1.8660467659310787e-06
28 317811
1.8660467659310787e-06
29 514229
1.8660467659310787e-06
30 832040
1.8660467659310787e-06
31 1346269
1.8660467659310787e-06
32 2178309
1.8660467659310787e-06
33 3524578
1.8660467659310787e-06
34 5702887
2.332558457412981e-06
35 9227465
1.8660467659310787e-06
36 14930352
1.8660467659310787e-06
37 24157817
1.8660467659310787e-06
38 39088169
1.8660467659310787e-06
39 63245986
1.8660467659310787e-06
40 102334155
2.332558457412981e-06
41 165580141
1.8660467659310787e-06
42 267914296
1.8660467659310787e-06
43 433494437
1.8660467659310787e-06
44 701408733
1.8660467659310787e-06
45 1134903170
1.8660467659310787e-06
46 1836311903
1.8660467659310787e-06
47 2971215073
1.8660467659310787e-06
48 4807526976
1.8660467659310787e-06
49 7778742049
1.8660467659310787e-06
50 12586269025
1.8660467659310787e-06
51 20365011074
1.8660467659310787e-06
52 32951280099
1.8660467659310787e-06
53 53316291173
1.8660467659310787e-06
54 86267571272
1.8660467659310787e-06
55 139583862445
1.8660467659310787e-06
56 225851433717
1.8660467659310787e-06
57 365435296162
1.8660467659310787e-06
58 591286729879
1.8660467659310787e-06
59 956722026041
1.8660467659310787e-06
60 1548008755920
1.8660467659310787e-06
61 2504730781961
2.332558457412981e-06
62 4052739537881
2.3325584574164504e-06
63 6557470319842
1.8660467659310787e-06
64 10610209857723
1.8660467659310787e-06
65 17167680177565
1.8660467659310787e-06
66 27777890035288
1.8660467659310787e-06
67 44945570212853
1.8660467659310787e-06
68 72723460248141
1.8660467659310787e-06
69 117669030460994
1.8660467659310787e-06
70 190392490709135
2.332558457412981e-06
71 308061521170130
1.8660467659310787e-06
72 498454011879265
1.8660467659310787e-06
73 806515533049395
1.8660467659310787e-06
74 1304969544928660
1.8660467659276092e-06
75 2111485077978055
1.8660467659310787e-06
76 3416454622906716
2.3325584574164504e-06
77 5527939700884771
1.8660467659310787e-06
78 8944394323791488
1.8660467659310787e-06
79 14472334024676260
1.8660467659310787e-06
80 23416728348467744
1.8660467659310787e-06
81 37889062373144008
1.8660467659310787e-06
82 61305790721611752
1.8660467659310787e-06
83 99194853094755776
1.8660467659310787e-06
84 160500643816367552
1.8660467659310787e-06
85 259695496911123328
1.8660467659276092e-06
86 420196140727490880
1.8660467659310787e-06
87 679891637638614272
1.8660467659310787e-06
88 1100087778366105088
1.8660467659310787e-06
89 1779979416004719360
1.8660467659310787e-06
90 2880067194370824704
1.8660467659310787e-06
91 4660046610375544832
1.8660467659310787e-06
92 7540113804746369024
1.8660467659310787e-06
93 12200160415121913856
1.8660467659310787e-06
94 19740274219868282880
1.8660467659310787e-06
95 31940434634990198784
1.8660467659310787e-06
96 51680708854858489856
1.8660467659310787e-06
97 83621143489848688640
1.8660467659310787e-06
98 135301852344707186688
1.8660467659310787e-06
99 218922995834555891712
1.8660467659310787e-06
100 354224848179263111168
1.8660467659310787e-06
